0, 4.390090465545654
1, 4.315929889678955
2, 4.486360549926758
3, 4.228326082229614
4, 4.191546201705933
5, 4.276479244232178
6, 4.8968846797943115
7, 4.2294111251831055
8, 4.113897800445557
9, 4.284023761749268
10, 4.216147422790527
11, 4.169692754745483
12, 4.59480094909668
13, 4.222240209579468
14, 4.190010070800781
15, 4.2113165855407715
16, 4.2892796993255615
17, 4.09646463394165
18, 4.113350868225098
19, 4.208920955657959
20, 4.691649913787842
21, 4.2922937870025635
22, 4.1886513233184814
23, 4.129614353179932
24, 4.48783802986145
25, 4.191666841506958
26, 4.611701250076294
27, 4.213255405426025
28, 4.266120195388794
29, 4.212902784347534
30, 4.289994716644287
31, 4.193183898925781
32, 4.331145763397217
33, 4.182036876678467
34, 4.206463813781738
35, 4.7998046875
36, 4.374608516693115
37, 4.295213937759399
38, 4.141638517379761
39, 4.110701560974121
40, 4.369904041290283
41, 4.289111375808716
42, 4.315898180007935
43, 4.1844611167907715
44, 4.241498947143555
45, 4.170391082763672
46, 4.293560028076172
47, 4.230364799499512
48, 4.185627698898315
49, 4.292214632034302
