0, 18.20974326133728
1, 17.28435754776001
2, 16.222399950027466
3, 16.785173177719116
4, 16.405067443847656
5, 16.403989553451538
6, 16.29483437538147
7, 17.4023118019104
8, 15.90622067451477
9, 16.70125651359558
10, 17.989540338516235
11, 16.3933744430542
12, 17.40373730659485
13, 17.501305103302002
14, 16.409172773361206
15, 16.28546118736267
16, 16.617296934127808
17, 16.486025094985962
18, 16.50781559944153
19, 16.592427730560303
20, 16.501508712768555
21, 17.28973388671875
22, 17.015942335128784
23, 17.200825929641724
24, 16.39435839653015
25, 16.691849946975708
26, 16.41382884979248
27, 16.08583116531372
28, 17.099061727523804
29, 18.421813011169434
30, 17.397135019302368
31, 16.49395775794983
32, 16.302350759506226
33, 16.39652705192566
34, 17.889938831329346
35, 16.510019540786743
36, 16.607380628585815
37, 16.17848777770996
38, 16.60690212249756
39, 17.30301809310913
40, 16.301223516464233
41, 16.1946861743927
42, 16.298556804656982
43, 16.604137182235718
44, 16.511133193969727
45, 16.594603776931763
46, 17.19280242919922
47, 16.309595108032227
48, 17.782149076461792
49, 16.202165365219116
