0, 2.5869715213775635
1, 2.4022130966186523
2, 2.597724676132202
3, 2.200404405593872
4, 2.4998679161071777
5, 2.5001883506774902
6, 2.4979865550994873
7, 2.604800224304199
8, 2.594217300415039
9, 2.607116222381592
10, 2.5983870029449463
11, 2.4965641498565674
12, 2.70749568939209
13, 2.9041812419891357
14, 2.6918435096740723
15, 2.61185622215271
16, 2.4843194484710693
17, 3.106363534927368
18, 2.5002124309539795
19, 2.4007949829101562
20, 2.59857177734375
21, 2.700317621231079
22, 2.2963287830352783
23, 2.6085517406463623
24, 2.6962132453918457
25, 2.5009918212890625
26, 2.5926709175109863
27, 2.491990804672241
28, 3.1998863220214844
29, 2.52553653717041
30, 2.4904325008392334
31, 2.40037202835083
32, 2.5951125621795654
33, 2.502817392349243
34, 2.485466957092285
35, 2.799971580505371
36, 2.522322416305542
37, 2.5861923694610596
38, 2.5053658485412598
39, 2.6959142684936523
40, 2.6985561847686768
41, 2.409775733947754
42, 2.6058695316314697
43, 2.5806238651275635
44, 2.5031659603118896
45, 2.604642391204834
46, 2.591531753540039
47, 2.5175132751464844
48, 2.499691963195801
49, 2.3900575637817383
