0, 6.985874652862549
1, 6.80629825592041
2, 8.60224199295044
3, 7.795768976211548
4, 7.176960229873657
5, 6.83678936958313
6, 6.960234880447388
7, 6.92049765586853
8, 6.887334585189819
9, 6.802064895629883
10, 6.893883943557739
11, 7.032541036605835
12, 7.178889513015747
13, 6.880176544189453
14, 6.8396546840667725
15, 6.77616286277771
16, 6.799021005630493
17, 6.707474708557129
18, 7.016507863998413
19, 7.486850738525391
20, 6.895823240280151
21, 7.069788694381714
22, 6.835417747497559
23, 6.909458160400391
24, 6.956944942474365
25, 6.810064077377319
26, 7.032478094100952
27, 6.978440999984741
28, 6.984864234924316
29, 6.829866409301758
30, 7.013919115066528
31, 6.767225503921509
32, 7.014389276504517
33, 6.9932701587677
34, 7.00388503074646
35, 6.911065578460693
36, 7.070488214492798
37, 7.812063217163086
38, 6.917246103286743
39, 6.780652761459351
40, 6.703894853591919
41, 6.702658653259277
42, 6.885743856430054
43, 6.526609659194946
44, 6.871898889541626
45, 6.7281813621521
46, 6.983944416046143
47, 6.811134576797485
48, 6.960072755813599
49, 6.7190070152282715
