0, 0.15837526321411133
1, 0.18259525299072266
2, 0.1457347869873047
3, 0.16704297065734863
4, 0.13185405731201172
5, 0.1784069538116455
6, 0.11629438400268555
7, 0.17585515975952148
8, 0.11473393440246582
9, 0.1716766357421875
10, 0.13954734802246094
11, 0.17254090309143066
12, 0.19463157653808594
13, 0.11791706085205078
14, 0.18145966529846191
15, 0.12432312965393066
16, 0.17690706253051758
17, 0.13629412651062012
18, 0.17558860778808594
19, 0.1279458999633789
20, 0.1773231029510498
21, 0.11499762535095215
22, 0.17865610122680664
23, 0.1222069263458252
24, 0.17736053466796875
25, 0.12836742401123047
26, 0.1807718276977539
27, 0.12084245681762695
28, 0.17066407203674316
29, 0.12293004989624023
30, 0.17773199081420898
31, 0.11907219886779785
32, 0.17700815200805664
33, 0.1949772834777832
34, 0.11433196067810059
35, 0.17891979217529297
36, 0.12775087356567383
37, 0.1775681972503662
38, 0.1252608299255371
39, 0.17928552627563477
40, 0.1325526237487793
41, 0.17925763130187988
42, 0.1798391342163086
43, 0.12495231628417969
44, 0.179487943649292
45, 0.14421987533569336
46, 0.16916465759277344
47, 0.10925483703613281
48, 0.18209218978881836
49, 0.13619136810302734
