0, 5.51525354385376
1, 5.486510753631592
2, 5.411498308181763
3, 5.303915739059448
4, 5.389734983444214
5, 5.4133312702178955
6, 5.4823901653289795
7, 5.3122124671936035
8, 5.393481492996216
9, 6.300346851348877
10, 5.504958152770996
11, 5.5936689376831055
12, 5.101710557937622
13, 5.400771379470825
14, 5.29645848274231
15, 5.301490306854248
16, 5.496081352233887
17, 5.401666879653931
18, 5.10551905632019
19, 5.306121587753296
20, 5.396109104156494
21, 5.2981390953063965
22, 5.587743520736694
23, 5.209964036941528
24, 5.899502515792847
25, 5.304551839828491
26, 5.6984546184539795
27, 5.396004915237427
28, 5.4880690574646
29, 5.2132391929626465
30, 5.691725015640259
31, 5.211025953292847
32, 5.6882781982421875
33, 5.308851003646851
34, 5.9842095375061035
35, 5.307295799255371
36, 5.717360973358154
37, 5.299980640411377
38, 5.386693239212036
39, 5.291809558868408
40, 5.199675559997559
41, 5.309796571731567
42, 5.497494220733643
43, 5.2918970584869385
44, 5.199366807937622
45, 5.218388080596924
46, 5.395886182785034
47, 5.486465215682983
48, 5.197129964828491
49, 5.109284400939941
