0, 1.0915169715881348
1, 1.014268159866333
2, 1.2113502025604248
3, 0.9963595867156982
4, 1.1048543453216553
5, 1.0768020153045654
6, 1.128368854522705
7, 1.0739407539367676
8, 1.1117472648620605
9, 0.9966492652893066
10, 1.2005162239074707
11, 1.0817477703094482
12, 1.1224520206451416
13, 0.9967143535614014
14, 1.1949596405029297
15, 1.0010967254638672
16, 1.1953611373901367
17, 1.2277209758758545
18, 1.3779499530792236
19, 1.1024432182312012
20, 1.2202725410461426
21, 1.0875086784362793
22, 1.1937639713287354
23, 0.9981839656829834
24, 1.1881732940673828
25, 1.0092198848724365
26, 1.2052407264709473
27, 1.005629301071167
28, 1.172652006149292
29, 1.1113629341125488
30, 1.1215567588806152
31, 0.991278886795044
32, 1.2060177326202393
33, 0.993971586227417
34, 1.282503366470337
35, 0.9980394840240479
36, 1.1144866943359375
37, 1.0872387886047363
38, 1.109462022781372
39, 0.9949336051940918
40, 1.113386869430542
41, 0.9869558811187744
42, 1.1274828910827637
43, 0.9697818756103516
44, 1.111295223236084
45, 1.001955509185791
46, 1.1916892528533936
47, 0.9348964691162109
48, 1.1770203113555908
49, 1.0906460285186768
