0, 1.920830249786377
1, 1.890756607055664
2, 1.955190658569336
3, 1.8962726593017578
4, 1.9556927680969238
5, 1.8891170024871826
6, 1.9838030338287354
7, 1.9148728847503662
8, 1.9411859512329102
9, 1.8707456588745117
10, 1.9529285430908203
11, 1.923628330230713
12, 1.9803962707519531
13, 1.8315422534942627
14, 2.0010693073272705
15, 1.873624563217163
16, 1.956437587738037
17, 1.8579292297363281
18, 1.970858097076416
19, 1.8476228713989258
20, 1.9222798347473145
21, 1.8609821796417236
22, 1.9364559650421143
23, 1.861243486404419
24, 1.9083890914916992
25, 1.870194673538208
26, 1.960994005203247
27, 1.846189260482788
28, 1.9598398208618164
29, 1.8921198844909668
30, 1.9833402633666992
31, 1.8879313468933105
32, 1.9293420314788818
33, 1.778188943862915
34, 1.978196382522583
35, 1.8926525115966797
36, 1.925609827041626
37, 1.8782787322998047
38, 2.0179991722106934
39, 1.803558588027954
40, 1.982943058013916
41, 1.8869678974151611
42, 1.9206652641296387
43, 1.8290979862213135
44, 1.9195094108581543
45, 1.8404505252838135
46, 1.9553630352020264
47, 1.8563425540924072
48, 1.9423441886901855
49, 1.8595359325408936
