0, 2.5731773376464844
1, 2.3327202796936035
2, 2.361079216003418
3, 2.297071695327759
4, 2.30124831199646
5, 2.2414069175720215
6, 2.3569552898406982
7, 2.223818778991699
8, 2.316328763961792
9, 2.382906913757324
10, 2.2820684909820557
11, 2.2173140048980713
12, 2.3013200759887695
13, 2.2116212844848633
14, 2.3028950691223145
15, 3.1945667266845703
16, 3.489964008331299
17, 2.2697999477386475
18, 2.310121774673462
19, 2.1918437480926514
20, 2.2396349906921387
21, 2.2582693099975586
22, 2.2207016944885254
23, 2.6168861389160156
24, 2.2088046073913574
25, 2.268622398376465
26, 2.2391281127929688
27, 2.1948232650756836
28, 2.2676846981048584
29, 2.2160260677337646
30, 2.194915771484375
31, 2.2967426776885986
32, 2.2232913970947266
33, 2.290515422821045
34, 2.220827102661133
35, 2.27786922454834
36, 2.3038809299468994
37, 2.278649091720581
38, 2.2870049476623535
39, 2.2158594131469727
40, 2.3251824378967285
41, 2.2731544971466064
42, 2.226269006729126
43, 2.1975505352020264
44, 2.3853981494903564
45, 2.3849036693573
46, 2.1144111156463623
47, 2.5983338356018066
48, 2.503251075744629
49, 2.2917275428771973
