0, 9.894789218902588
1, 9.793804407119751
2, 11.217291831970215
3, 9.783567190170288
4, 10.215029001235962
5, 9.90330457687378
6, 10.195310592651367
7, 10.099168539047241
8, 9.986881256103516
9, 10.221560716629028
10, 9.991189002990723
11, 9.89816665649414
12, 9.705002784729004
13, 10.195477962493896
14, 9.581615924835205
15, 9.627666473388672
16, 9.977768659591675
17, 10.00454568862915
18, 9.708162307739258
19, 10.794089794158936
20, 9.994367599487305
21, 9.695367336273193
22, 9.827122926712036
23, 9.792330503463745
24, 9.89695954322815
25, 10.887522459030151
26, 9.895802974700928
27, 10.016740322113037
28, 9.792079448699951
29, 10.807304859161377
30, 9.801364183425903
31, 9.994795322418213
32, 9.404555320739746
33, 10.002828598022461
34, 9.981680631637573
35, 10.01350998878479
36, 9.99718427658081
37, 10.094606637954712
38, 10.204629182815552
39, 9.787021398544312
40, 9.80675220489502
41, 10.211726665496826
42, 9.78435730934143
43, 10.203216552734375
44, 10.89567494392395
45, 9.796776294708252
46, 10.214266300201416
47, 9.800453901290894
48, 9.802340984344482
49, 10.000451803207397
