0, 1.1220574378967285
1, 1.1272327899932861
2, 1.0776124000549316
3, 1.0928552150726318
4, 1.0934550762176514
5, 1.073664903640747
6, 1.1088173389434814
7, 1.0970489978790283
8, 1.0965452194213867
9, 1.0988953113555908
10, 1.1236627101898193
11, 1.1122665405273438
12, 1.1552023887634277
13, 1.1004226207733154
14, 1.0400049686431885
15, 1.0973646640777588
16, 1.1035926342010498
17, 1.0993585586547852
18, 1.1710875034332275
19, 1.116424322128296
20, 1.081944465637207
21, 1.0303218364715576
22, 1.1517629623413086
23, 1.1239616870880127
24, 1.0423383712768555
25, 1.0846059322357178
26, 1.1571006774902344
27, 1.0320215225219727
28, 1.1679940223693848
29, 1.1178648471832275
30, 1.0393023490905762
31, 1.0753505229949951
32, 1.0736215114593506
33, 1.0309312343597412
34, 1.1033823490142822
35, 1.070624589920044
36, 1.0244684219360352
37, 1.1640143394470215
38, 1.0529465675354004
39, 1.0699663162231445
40, 1.1113388538360596
41, 1.0913350582122803
42, 1.023176670074463
43, 1.089339017868042
44, 1.0899066925048828
45, 1.0847508907318115
46, 1.0908188819885254
47, 1.105865716934204
48, 1.2938637733459473
49, 1.0944972038269043
