0, 0.4993271827697754
1, 0.5089900493621826
2, 0.5020673274993896
3, 0.5620377063751221
4, 0.5184473991394043
5, 0.49359130859375
6, 0.5056192874908447
7, 0.5118081569671631
8, 0.4971740245819092
9, 0.5015439987182617
10, 0.49975132942199707
11, 0.5102529525756836
12, 0.567080020904541
13, 0.5109364986419678
14, 0.5101988315582275
15, 0.5865738391876221
16, 0.5093498229980469
17, 0.5017526149749756
18, 0.49834275245666504
19, 0.5237629413604736
20, 0.558741569519043
21, 0.5092332363128662
22, 0.5212831497192383
23, 0.5101919174194336
24, 0.543332576751709
25, 0.5188179016113281
26, 0.5230281352996826
27, 0.5197415351867676
28, 0.5838172435760498
29, 0.5109636783599854
30, 0.5470445156097412
31, 0.5053422451019287
32, 0.5067479610443115
33, 0.5079057216644287
34, 0.5060274600982666
35, 0.4969773292541504
36, 0.5069184303283691
37, 0.4989805221557617
38, 0.4953954219818115
39, 0.4955167770385742
40, 0.5119802951812744
41, 0.48368287086486816
42, 0.4996664524078369
43, 0.5180168151855469
44, 0.4878520965576172
45, 0.50681471824646
46, 0.4954814910888672
47, 0.5044364929199219
48, 0.5003788471221924
49, 0.49022459983825684
