0, 3.2137200832366943
1, 3.134979248046875
2, 3.1450722217559814
3, 3.125332832336426
4, 3.1702680587768555
5, 3.1540868282318115
6, 3.1234564781188965
7, 3.132509469985962
8, 3.288668394088745
9, 3.197249174118042
10, 3.1306848526000977
11, 3.1838183403015137
12, 3.202805280685425
13, 3.1566081047058105
14, 3.1535398960113525
15, 3.1455483436584473
16, 3.1031816005706787
17, 3.124246120452881
18, 3.0998570919036865
19, 3.15889048576355
20, 3.1169824600219727
21, 3.1062541007995605
22, 3.0812759399414062
23, 3.1229305267333984
24, 3.0803029537200928
25, 3.159515380859375
26, 3.185319662094116
27, 3.20879864692688
28, 3.187018871307373
29, 3.121636152267456
30, 3.0952799320220947
31, 3.189835786819458
32, 3.0946874618530273
33, 3.6192002296447754
34, 3.108853816986084
35, 3.084256887435913
36, 3.0959439277648926
37, 3.1535637378692627
38, 3.197415828704834
39, 3.2509210109710693
40, 3.177445411682129
41, 3.268766403198242
42, 3.127753257751465
43, 3.134031057357788
44, 3.1158344745635986
45, 3.1488797664642334
46, 3.1704695224761963
47, 3.115508794784546
48, 3.1198065280914307
49, 3.207557439804077
