0, 1.1015918254852295
1, 1.5874435901641846
2, 1.3044283390045166
3, 0.8998692035675049
4, 0.9954712390899658
5, 0.8300051689147949
6, 0.9732258319854736
7, 0.7983038425445557
8, 0.9976322650909424
9, 0.7988460063934326
10, 0.9009671211242676
11, 0.9029593467712402
12, 0.8129684925079346
13, 0.9827752113342285
14, 0.8112890720367432
15, 0.8940508365631104
16, 0.7965610027313232
17, 0.9987292289733887
18, 0.9027323722839355
19, 0.9103178977966309
20, 0.7972371578216553
21, 0.897042989730835
22, 0.8946542739868164
23, 0.9036846160888672
24, 0.995711088180542
25, 0.900137186050415
26, 0.8053061962127686
27, 0.9056382179260254
28, 0.7854945659637451
29, 0.9005064964294434
30, 0.709144115447998
31, 0.904059648513794
32, 0.8949882984161377
33, 0.9008982181549072
34, 0.9039013385772705
35, 0.8935730457305908
36, 1.093641757965088
37, 0.8077824115753174
38, 0.8927223682403564
39, 0.9084789752960205
40, 0.9940519332885742
41, 0.8209826946258545
42, 0.977320671081543
43, 0.9042148590087891
44, 1.1010746955871582
45, 0.8984978199005127
46, 0.9932851791381836
47, 0.8086674213409424
48, 0.9050388336181641
49, 0.900733232498169
