0, 0.47042393684387207
1, 0.40193891525268555
2, 0.39676403999328613
3, 0.3080413341522217
4, 0.39315199851989746
5, 0.31614232063293457
6, 0.37245726585388184
7, 0.31536364555358887
8, 0.386127233505249
9, 0.3074920177459717
10, 0.4035329818725586
11, 0.30591845512390137
12, 0.39130091667175293
13, 0.30661630630493164
14, 0.388286828994751
15, 0.321336030960083
16, 0.40883517265319824
17, 0.3699617385864258
18, 0.31775617599487305
19, 0.3860142230987549
20, 0.39978957176208496
21, 0.3122537136077881
22, 0.38800859451293945
23, 0.3918735980987549
24, 0.31284284591674805
25, 0.3100745677947998
26, 0.40120863914489746
27, 0.3809947967529297
28, 0.3100392818450928
29, 0.3214879035949707
30, 0.3833320140838623
31, 0.38679933547973633
32, 0.3904104232788086
33, 0.312023401260376
34, 0.3997035026550293
35, 0.3111560344696045
36, 0.3812835216522217
37, 0.30628275871276855
38, 0.3151674270629883
39, 0.3879213333129883
40, 0.30924415588378906
41, 0.3910818099975586
42, 0.39575672149658203
43, 0.31252622604370117
44, 0.3855860233306885
45, 0.3997366428375244
46, 0.31313371658325195
47, 0.29937267303466797
48, 0.38835859298706055
49, 0.3185913562774658
