house_id		household_id		plug_id		average_work		average_load
14		15		6		68		26.77333333333333333333333333
14		7		2		1		0
16		7		0		4		0
12		2		1		3		0
14		16		1		0		0
14		6		1		3		0
26		3		2		1		0
26		4		11		68		34.28
26		5		4		4		0
27		4		4		2		0
27		5		7		1		0
17		1		7		3		0
24		6		3		35		11.57239057239057239057239057
24		7		4		3		0
26		2		1		0		0
27		2		2		0		0
30		0		1		3		0
37		2		10		68		29.15771812080536912751677852
37		5		3		4		0
37		8		2		12		10.33444816053511705685618729
37		6		6		3		0
37		7		5		3		0
38		3		0		0		0
38		8		1		35		5.855704697986577181208053691
9		1		3		12		7.123745819397993311036789298
14		12		11		12		10.85953177257525083612040134
15		0		0		174		285.1543624161073825503355705
10		4		1		1		0
12		3		6		1		0
4		11		0		174		189.9259259259259259259259259
15		1		3		0		0.03603603603603603603603603604
34		2		5		0		0.09909909909909909909909909910
34		5		0		0		0.03603603603603603603603603604
38		2		3		0		0.03603603603603603603603603604
7		7		11		1		0
9		0		12		1		0
5		0		2		2		0
0		9		12		0		0
10		4		3		1		0
14		16		3		12		13.90635451505016722408026756
12		2		3		0		0
15		0		2		0		0
23		1		5		2		0
27		2		0		1		0
28		0		7		2		0
28		9		0		2		0
3		0		4		68		32.29666666666666666666666667
32		12		3		12		6.214046822742474916387959866
32		13		0		1		0
20		1		0		0		0
20		7		6		0		0
28		1		4		0		0
32		5		4		4		0
32		6		9		68		87.46308724832214765100671141
28		7		2		3		0
30		0		3		3		0
32		11		6		3		0
35		0		4		1		0
35		3		1		4		0
37		8		0		12		10.13712374581939799331103679
38		2		1		4		0
38		3		2		1		0
39		11		9		4		0
39		12		4		12		13.00668896321070234113712375
5		1		5		68		41.18456375838926174496644295
38		5		2		35		5.734899328859060402684563758
39		4		0		3		0
39		5		3		3		0
39		7		5		0		0
0		13		0		174		176.7224080267558528428093645
12		3		4		12		19.19732441471571906354515050
20		0		3		174		453.1237458193979933110367893
0		6		9		1		0
27		5		5		174		467.2617449664429530201342282
32		3		2		174		112.8322147651006711409395973
32		4		7		174		307.9364548494983277591973244
0		3		2		1		0
28		15		6		1		0
39		13		7		1		0
14		9		2		3		0
16		0		1		35		11.13712374581939799331103679
18		0		3		1		0
18		1		4		2		0
2		0		9		2		0
2		3		4		2		0
21		10		6		35		8.515050167224080267558528428
21		11		5		4		0
21		12		0		1		0
21		4		4		1		0
21		9		11		2		0
22		1		2		4		0
25		0		4		3		0
25		1		11		3		0
33		8		4		3		0
35		2		12		1		0
39		2		2		35		6.016778523489932885906040268
39		8		10		35		6.794612794612794612794612795
4		12		1		1		0
4		13		2		1		0
4		4		5		4		0
4		5		6		1		0
4		7		12		1		0
6		1		8		1		0
7		2		6		4		0
16		10		3		174		340.8862876254180602006688963
16		8		5		174		330.9464882943143812709030100
2		2		7		68		37.57666666666666666666666667
33		0		0		68		19.56333333333333333333333333
36		6		1		12		8.127090301003344481605351171
8		1		6		12		11.72575250836120401337792642
8		2		3		174		241.3456375838926174496644295
17		2		0		0		0.03603603603603603603603603604
2		5		2		0		0.03603603603603603603603603604
36		1		8		0		0.03603603603603603603603603604
14		14		7		1		0
21		3		1		1		0
33		7		5		1		0
36		5		4		1		0
4		0		9		1		0
7		10		2		1		0
7		3		1		1		0
8		0		5		1		0
26		2		3		2		0
26		3		0		3		0
26		4		9		174		108.2240802675585284280936455
26		5		6		1		0
9		2		4		35		16.48657718120805369127516779
34		5		2		3		0
37		7		7		4		0
14		12		9		1		0
4		10		5		1		0
16		6		5		1		0
14		6		3		68		45.88628762541806020066889632
16		7		2		68		20.45666666666666666666666667
24		6		1		68		39.03344481605351170568561873
4		11		2		68		46.19127516778523489932885906
37		5		1		0		0.03603603603603603603603603604
9		1		1		1		0
28		0		5		4		0
28		1		6		1		0
32		3		0		2		0
32		4		5		2		0
36		0		9		3		0
36		1		10		1		0
36		6		3		1		0
39		11		11		68		19.36577181208053691275167785
39		2		0		12		14.18120805369127516778523490
39		4		2		2		0
39		5		1		1		0
9		3		5		12		15.62207357859531772575250836
0		6		11		12		31.37248322147651006711409396
32		5		6		1		0
13		1		3		4		0
39		7		7		2		0
7		10		0		3		0
0		3		0		68		42.05704697986577181208053691
36		5		6		0		0.03603603603603603603603603604
28		7		0		1		0
29		0		12		3		0
2		2		5		174		138.3846153846153846153846154
7		2		4		4		0
7		3		3		68		63.43771043771043771043771044
11		2		8		3		0
14		14		5		3		0
17		2		2		35		11.07692307692307692307692308
2		5		0		35		3.107382550335570469798657718
2		3		6		1		0
22		1		0		4		0
14		9		0		68		52.80333333333333333333333333
17		3		1		0		0.03603603603603603603603603604
2		0		11		1		0
33		4		12		1		0
28		15		4		12		19.38590604026845637583892617
28		8		1		2		0
3		1		5		3		0
3		3		3		12		18.86622073578595317725752508
32		11		4		1		0
33		8		6		4		0
33		9		9		12		22.91973244147157190635451505
39		13		5		4		0
8		0		7		1		0
8		2		1		2		0
4		5		4		68		84.16498316498316498316498316
0		12		1		3		0
21		2		0		1		0
32		13		2		0		0
35		0		6		1		0
38		5		0		0		0
16		0		3		35		4.304347826086956521739130435
16		9		4		3		0
18		0		1		3		0
20		1		2		12		6.976510067114093959731543624
21		3		3		12		20.64882943143812709030100334
21		4		6		35		7.622895622895622895622895623
8		1		4		0		0
0		13		2		4		0
16		1		0		1		0
20		0		1		1		0
21		11		7		1		0
39		8		8		2		0
4		4		7		3		0
5		0		0		3		0
16		8		7		0		0.03636363636363636363636363636
21		10		4		68		31.43
21		12		2		0		0.01818181818181818181818181818
21		6		12		68		70.71
28		9		2		0		0.03603603603603603603603603604
3		0		6		0		0.03603603603603603603603603604
4		12		3		0		0.03603603603603603603603603604
16		10		1		1		0
20		7		4		1		0
21		9		9		1		0
25		0		6		1		0
25		1		9		1		0
32		12		1		1		0
4		6		1		1		0
25		1		0		3		0
25		4		9		2		0
28		0		10		3		0
28		2		4		12		6.053691275167785234899328859
32		5		9		4		0
32		6		4		2		0
33		11		6		3		0
33		2		1		1		0
33		3		4		2		0
33		9		0		12		15.82608695652173913043478261
36		3		1		3		0
37		5		6		3		0
39		0		1		4		0
39		1		2		2		0
37		4		9		174		269.0469798657718120805369128
37		6		3		1		0
4		12		12		68		38.41077441077441077441077441
9		0		9		12		13.35785953177257525083612040
9		2		3		2		0
6		1		3		4		0
1		1		2		3		0
21		13		2		1		0
11		0		11		3		0
14		6		4		3		0
26		3		7		1		0
26		5		1		0		0
32		4		10		1		0
36		2		6		1		0
16		0		10		35		3.414715719063545150501672241
4		10		2		0		0
4		2		0		0		0
21		3		10		35		3.622073578595317725752508361
21		5		0		3		0
9		1		6		0		0
26		2		4		35		7.076923076923076923076923077
16		0		12		1		0
16		1		9		4		0
16		6		2		4		0
18		3		3		4		0
39		6		7		35		6.432885906040268456375838926
4		13		9		12		14.92307692307692307692307692
4		3		1		12		29.33779264214046822742474916
0		6		4		68		76.55666666666666666666666667
1		2		1		0		0.03603603603603603603603603604
18		2		0		68		39.11333333333333333333333333
18		3		5		68		29.40468227424749163879598662
21		13		4		0		0.07207207207207207207207207207
21		6		5		68		34.69666666666666666666666667
28		3		3		0		0.03603603603603603603603603604
36		2		0		0		0.03603603603603603603603603604
37		7		0		0		0.04504504504504504504504504505
0		7		3		1		0
33		1		2		1		0
4		12		10		1		0
6		1		5		1		0
24		3		5		68		45.63333333333333333333333333
24		4		0		4		0
26		4		0		1		0
28		17		1		3		0
29		0		3		3		0
33		4		3		12		12.75250836120401337792642140
38		10		0		3		0
11		2		5		1		0
14		8		2		0		0
7		1		0		1		0
10		4		6		2		0
11		5		0		12		14.14381270903010033444816054
14		14		10		12		7.317725752508361204013377926
14		6		10		35		9.446308724832214765100671141
28		16		2		1		0
33		5		4		1		0
16		5		1		12		40.89297658862876254180602007
2		0		4		3		0
2		4		2		3		0
22		2		4		12		9.314381270903010033444816054
22		3		7		2		0
14		10		4		1		0
2		3		9		1		0
7		0		3		3		0
7		2		9		35		15.91610738255033557046979866
15		0		7		68		65.42666666666666666666666667
16		4		2		0		0.07207207207207207207207207207
22		0		2		68		37.18
26		3		9		0		0.03603603603603603603603603604
34		4		2		0		0.03603603603603603603603603604
21		8		3		1		0
24		0		12		1		0
37		0		1		1		0
0		13		7		35		5.528428093645484949832775920
0		8		8		0		0
10		0		6		0		0
14		15		9		12		12.66442953020134228187919463
15		0		9		1		0
12		1		3		0		0
14		11		1		1		0
19		0		5		4		0
2		4		4		4		0
20		0		4		1		0
15		2		9		35		4.687919463087248322147651007
20		4		8		1		0
22		3		1		2		0
24		3		3		12		12.89632107023411371237458194
27		1		4		68		52.32333333333333333333333333
27		9		6		4		0
28		9		7		1		0
32		11		1		1		0
32		13		7		68		20.86666666666666666666666667
24		0		10		35		5.317725752508361204013377926
28		15		1		35		6.672240802675585284280936455
3		3		6		3		0
32		12		4		3		0
35		0		3		2		0
35		1		0		1		0
37		1		0		35		5.614093959731543624161073826
7		0		5		68		27.31543624161073825503355705
39		12		3		3		0
39		13		0		3		0
0		12		4		1		0
12		0		0		12		10.24496644295302013422818792
14		12		4		174		312.1571906354515050167224080
14		13		3		12		17.79933110367892976588628763
10		1		1		4		0
14		10		2		4		0
3		1		0		174		377.8896321070234113712374582
0		11		1		1		0
0		9		11		1		0
20		7		1		1		0
22		0		4		1		0
8		2		6		3		0
0		10		0		3		0
0		13		9		3		0
0		9		5		0		0
10		0		0		0		0
16		10		6		3		0
20		5		5		2		0
21		4		1		68		55.50333333333333333333333333
25		0		1		4		0
27		7		4		12		16.12416107382550335570469799
28		12		6		4		0
28		14		0		1		0
32		10		0		12		30.02341137123745819397993311
16		8		0		0		0
20		4		6		35		11.31438127090301003344481605
21		3		4		3		0
21		6		11		35		9.849498327759197324414715719
23		3		4		35		7.093959731543624161073825503
27		1		2		0		0
27		3		2		3		0
32		9		5		4		0
33		8		1		1		0
28		13		5		3		0
36		4		0		3		0
38		6		2		3		0
38		7		1		3		0
8		0		0		12		14.24749163879598662207357860
8		1		3		68		34.34563758389261744966442953
4		4		0		0		0
23		2		3		174		293.0234113712374581939799331
28		9		9		174		238.1170568561872909698996656
35		2		9		174		165.8422818791946308724832215
16		9		3		0		0.03603603603603603603603603604
20		6		0		0		0.07207207207207207207207207207
27		6		3		0		0.07207207207207207207207207207
4		7		9		0		0.07207207207207207207207207207
0		0		4		1		0
32		13		9		1		0
0		1		1		3		0
0		2		4		4		0
13		1		8		1		0
14		0		0		2		0
28		5		1		1		0
32		0		2		1		0
32		2		4		1		0
39		11		0		4		0
4		9		1		2		0
7		9		2		1		0
14		3		5		174		315.1342281879194630872483221
21		10		9		12		18.15719063545150501672240803
21		9		4		68		50.33
28		6		4		12		7.274247491638795986622073579
32		7		3		68		60.39
4		8		2		0		0
7		8		1		68		47.26174496644295302013422819
28		4		2		1		0
0		0		2		12		9.892976588628762541806020067
27		0		1		0		0
28		6		2		2		0
32		0		4		0		0
32		2		2		174		565.5234899328859060402684564
36		5		3		0		0.03603603603603603603603603604
36		6		6		2		0
0		1		7		1		0
0		2		2		174		258.0936454849498327759197324
28		4		4		35		3.104026845637583892617449664
39		11		6		3		0
39		2		5		68		23.68456375838926174496644295
39		3		2		3		0
7		10		5		3		0
9		3		0		12		13.28762541806020066889632107
14		1		1		2		0
39		10		1		1		0
0		1		10		1		0
11		0		0		2		0
16		1		4		3		0
16		2		1		3		0
16		2		3		3		0
16		8		9		3		0
18		1		0		1		0
18		1		2		3		0
21		11		1		2		0
21		11		3		3		0
21		9		13		2		0
22		2		11		1		0
24		0		3		3		0
24		1		0		35		6.732441471571906354515050167
26		0		1		3		0
31		0		6		1		0
32		0		9		1		0
32		7		8		35		7.535117056856187290969899666
37		2		4		3		0
37		4		2		1		0
4		12		5		1		0
4		13		4		1		0
4		13		6		2		0
6		2		1		1		0
7		4		0		1		0
11		1		3		12		15.35117056856187290969899666
14		4		1		174		131.2040133779264214046822742
16		0		7		68		37.06
18		3		8		12		11.13712374581939799331103679
21		10		0		0		0
21		12		6		12		8.214046822742474916387959866
24		3		10		174		172.5217391304347826086956522
29		2		0		12		15.81144781144781144781144781
29		2		2		12		16.05685618729096989966555184
33		7		3		12		9.110367892976588628762541806
37		5		13		12		11.27759197324414715719063545
39		8		6		0		0
4		0		5		0		0
4		12		7		12		20.89966555183946488294314381
4		4		9		68		57.31081081081081081081081081
4		7		0		68		56.61409395973154362416107383
6		3		2		0		0
7		7		5		0		0
9		0		2		0		0
21		12		4		0		0.03636363636363636363636363636
37		7		11		0		0.07207207207207207207207207207
16		1		6		1		0
21		10		2		1		0
28		4		9		1		0
33		7		1		1		0
35		2		0		1		0
25		4		4		174		249.4715719063545150501672241
29		0		10		0		0.07207207207207207207207207207
29		0		8		2		0
30		1		2		1		0
33		4		10		2		0
33		4		8		1		0
36		0		5		1		0
38		9		2		174		284.2491582491582491582491582
7		2		0		1		0
7		5		1		0		0.03603603603603603603603603604
14		14		3		68		79.53511705685618729096989967
14		9		4		12		26.74916387959866220735785953
18		4		7		3		0
2		0		13		12		21.98662207357859531772575251
2		2		1		3		0
2		2		3		174		188.0872483221476510067114094
2		5		4		12		24.99331103678929765886287625
33		6		0		3		0
36		1		6		1		0
7		2		2		3		0
7		3		5		68		37.44966442953020134228187919
8		3		0		12		18.08724832214765100671140940
15		2		6		4		0
15		3		1		2		0
2		5		6		1		0
21		8		10		1		0
14		14		1		1		0
21		8		8		1		0
14		9		6		0		0.03603603603603603603603603604
2		3		0		0		0.03603603603603603603603603604
28		0		3		0		0.06306306306306306306306306306
28		1		0		1		0
28		1		2		4		0
28		10		3		1		0
32		4		1		1		0
33		1		13		4		0
35		0		10		1		0
36		0		7		0		0
36		1		4		0		0.07207207207207207207207207207
36		5		8		1		0
39		7		3		0		0.02702702702702702702702702703
0		6		13		1		0
0		7		8		3		0
13		1		7		174		544.3779264214046822742474916
20		2		3		174		262.3110367892976588628762542
25		4		6		1		0
25		5		1		3		0
28		0		1		35		3.494983277591973244147157191
28		11		4		1		0
28		7		4		68		45.82666666666666666666666667
3		2		0		3		0
32		5		0		3		0
32		5		2		1		0
39		11		13		68		44.89261744966442953020134228
39		13		9		3		0
39		14		0		3		0
39		5		5		3		0
39		5		7		3		0
39		7		1		68		69.37919463087248322147651007
8		3		2		35		14.39527027027027027027027027
0		0		9		4		0
0		4		1		2		0
0		5		0		4		0
0		5		2		1		0
13		0		0		1		0
13		1		5		1		0
21		1		1		4		0
18		4		5		1		0
23		0		2		4		0
23		1		3		3		0
23		1		1		12		12.40802675585284280936454849
27		4		2		0		0
27		5		3		0		0
31		0		4		0		0
27		4		0		3		0
27		5		1		1		0
38		2		5		0		0
38		3		4		0		0
39		8		4		35		3.718120805369127516778523490
4		0		7		35		10.14429530201342281879194631
6		2		3		35		2.879194630872483221476510067
35		2		2		1		0
12		2		5		3		0
15		2		4		4		0
4		5		8		4		0
4		7		2		3		0
8		1		8		2		0
14		17		0		0		0
15		3		3		68		50.59531772575250836120401338
38		0		1		1		0
38		9		0		68		23.80808080808080808080808081
12		3		0		35		11.93645484949832775919732441
16		8		11		0		0.03603603603603603603603603604
23		0		0		0		0.1081081081081081081081081081
28		4		11		0		0.03603603603603603603603603604
12		2		7		1		0
24		0		1		2		0
24		3		8		2		0
26		0		3		3		0
37		2		6		4		0
37		4		0		2		0
37		7		9		68		47.41610738255033557046979866
14		10		9		0		0
7		7		7		4		0
11		0		2		12		12.73913043478260869565217391
11		1		1		2		0
14		5		4		2		0
9		0		0		0		0
22		2		9		4		0
24		1		2		35		7.645484949832775919732441472
7		4		2		0		0.1081081081081081081081081081
24		7		0		3		0
34		2		1		12		28.74581939799331103678929766
34		2		3		12		11.10702341137123745819397993
39		13		11		2		0
39		14		2		1		0
14		12		13		35		6.391304347826086956521739130
14		15		2		3		0
24		7		2		174		181.2006688963210702341137124
28		10		1		174		233.0401337792642140468227425
3		0		8		0		0
3		3		13		0		0
34		5		4		0		0
35		0		8		0		0
17		1		1		2		0
17		1		3		12		12.12374581939799331103678930
34		3		0		35		16.64093959731543624161073826
0		0		11		68		20.33333333333333333333333333
14		15		0		0		0.07207207207207207207207207207
20		2		1		1		0
3		2		2		1		0
5		1		0		2		0
8		0		4		35		9.117449664429530201342281879
8		1		7		35		13.00335570469798657718120805
8		2		2		3		0
0		1		5		35		18.33779264214046822742474916
0		2		0		0		0
0		9		9		3		0
1		0		1		35		4.308724832214765100671140940
16		1		3		1		0
16		10		2		12		27.60869565217391304347826087
16		8		4		2		0
13		1		12		1		0
18		0		2		2		0
16		0		0		35		4.558528428093645484949832776
20		1		5		1		0
20		4		10		68		25.66889632107023411371237458
20		7		3		68		31.74333333333333333333333333
21		4		5		2		0
28		15		3		2		0
28		4		6		1		0
28		6		0		1		0
3		1		2		4		0
3		3		4		2		0
32		11		3		1		0
32		12		6		1		0
32		2		0		1		0
20		0		6		35		6.732441471571906354515050167
21		10		7		0		0
21		9		10		3		0
25		1		10		3		0
3		0		1		3		0
32		13		5		3		0
33		8		5		68		33.77666666666666666666666667
35		0		1		12		10.29431438127090301003344482
39		11		4		12		11.97324414715719063545150502
39		12		1		68		19.94630872483221476510067114
39		13		2		4		0
33		0		1		3		0
38		4		0		0		0
39		8		11		1		0
4		12		0		68		25.61409395973154362416107383
4		5		7		4		0
39		7		8		35		8.090604026845637583892617450
4		0		8		35		9.234899328859060402684563758
4		13		3		0		0
0		13		5		12		19.83946488294314381270903010
4		4		4		3		0
4		7		13		3		0
21		11		4		174		343.9230769230769230769230769
21		2		3		174		192.2742474916387959866220736
25		0		5		174		418.4615384615384615384615385
32		0		6		174		417.1237458193979933110367893
28		9		5		0		0.03603603603603603603603603604
0		11		3		1		0
33		7		4		1		0
35		1		2		1		0
7		10		1		174		123.3164983164983164983164983
8		1		1		2		0
14		14		4		68		74.59666666666666666666666667
14		9		1		3		0
16		10		4		35		7.110367892976588628762541806
21		3		6		1		0
21		4		3		2		0
21		6		9		12		10.13712374581939799331103679
25		1		12		1		0
29		0		13		1		0
16		8		2		3		0
18		2		2		3		0
2		5		1		3		0
25		0		3		3		0
33		2		5		4		0
33		8		3		2		0
35		2		11		2		0
36		1		11		4		0
36		2		4		1		0
36		3		3		2		0
36		5		7		1		0
36		6		2		4		0
33		1		0		3		0
36		0		8		35		14.00336700336700336700336700
4		3		3		1		0
4		4		2		2		0
4		7		11		2		0
39		8		13		35		11.94630872483221476510067114
9		3		4		1		0
4		5		1		0		0
7		3		2		0		0
1		2		5		174		244.8795986622073578595317726
11		2		9		174		184.6421404682274247491638796
16		9		1		174		135.4615384615384615384615385
17		3		0		174		235.2040133779264214046822742
2		2		4		174		254.6655518394648829431438127
4		13		13		174		105.1418918918918918918918919
22		1		1		0		0.03603603603603603603603603604
6		1		7		0		0.09009009009009009009009009009
7		2		5		0		0.03603603603603603603603603604
18		3		1		1		0
2		3		7		1		0
21		13		0		1		0
10		0		4		3		0
11		0		9		2		0
12		2		2		35		5.264214046822742474916387960
12		3		5		4		0
14		16		2		2		0
14		6		6		3		0
15		1		0		3		0
16		6		0		3		0
24		5		1		35		7.715719063545150501672240803
26		3		5		35		9.311036789297658862876254181
26		5		3		3		0
27		5		4		3		0
30		0		2		3		0
37		2		13		3		0
37		5		4		1		0
37		7		2		1		0
38		2		0		2		0
38		3		3		35		9.932885906040268456375838926
4		10		0		3		0
9		0		11		4		0
9		2		1		35		7.432885906040268456375838926
12		0		2		174		218.8193979933110367892976589
15		2		11		174		117.7959866220735785953177258
23		1		4		0		0
26		2		6		12		6.063545150501672240802675585
26		4		12		68		115.6187290969899665551839465
37		8		1		12		11.24749163879598662207357860
9		1		4		68		27.91582491582491582491582492
12		1		1		0		0.07207207207207207207207207207
17		1		8		0		0.03603603603603603603603603604
38		8		2		0		0.03636363636363636363636363636
27		1		6		1		0
27		2		1		1		0
24		3		7		3		0
24		6		2		68		35.48494983277591973244147157
24		7		5		3		0
26		3		3		12		11.96321070234113712374581940
26		4		10		4		0
34		2		4		68		22.21140939597315436241610738
37		2		11		12		14.82608695652173913043478261
37		7		4		2		0
39		2		7		3		0
39		3		0		1		0
37		5		2		1		0
37		6		7		1		0
9		1		2		1		0
9		3		2		12		29.88294314381270903010033445
11		2		7		174		170.0334448160535117056856187
2		4		0		0		0
7		10		7		1		0
7		7		10		174		391.6812080536912751677852349
9		0		13		1		0
24		4		2		174		223.8227424749163879598662207
11		4		1		2		0
14		10		6		2		0
14		12		10		12		12.27090301003344481605351171
14		15		7		35		7.080536912751677852348993289
14		7		3		12		31.82943143812709030100334448
14		8		0		3		0
36		5		1		1		0
36		6		4		0		0
16		7		1		3		0
4		11		1		0		0
22		2		6		12		20.72240802675585284280936455
17		1		6		4		0
22		0		0		1		0
37		0		3		35		4.592592592592592592592592593
7		0		1		2		0
26		5		5		0		0.03603603603603603603603603604
11		5		2		1		0
14		6		0		1		0
22		3		5		1		0
34		4		0		1		0
37		1		4		1		0
28		15		5		35		5.505016722408026755852842809
3		0		7		0		0
3		1		4		12		8.923076923076923076923076923
3		3		2		35		4.859531772575250836120401338
28		0		4		2		0
28		1		7		3		0
28		7		1		3		0
39		7		6		0		0
0		13		3		174		379.6688963210702341137123746
32		12		0		2		0
32		4		4		1		0
0		3		1		174		191.5050167224080267558528428
35		3		2		3		0
13		1		2		174		228.2040133779264214046822742
38		5		1		1		0
39		5		0		3		0
5		0		1		2		0
20		7		5		3		0
20		0		0		0		0
20		1		3		68		23.24333333333333333333333333
28		9		3		1		0
32		13		3		68		79.50333333333333333333333333
39		13		4		1		0
39		4		3		68		45.46308724832214765100671141
5		1		6		1		0
0		12		0		35		9.016722408026755852842809365
0		6		10		35		4.648829431438127090301003344
32		11		5		0		0.03603603603603603603603603604
32		5		7		0		0.07272727272727272727272727273
35		0		7		0		0.03603603603603603603603603604
38		10		2		2		0
10		4		4		174		232.9331103678929765886287625
15		0		5		1		0
27		3		0		12		12.60200668896321070234113712
12		2		12		1		0
0		0		6		35		3.046979865771812080536912752
27		7		3		1		0
28		13		2		1		0
28		4		13		2		0
31		0		0		3		0
31		0		2		68		42.49666666666666666666666667
35		2		4		12		14.97324414715719063545150502
38		1		0		3		0
14		2		3		0		0
6		3		4		1		0
6		3		6		1		0
20		6		7		1		0
14		3		0		35		6.324414715719063545150501672
27		6		4		0		0
28		6		9		174		139.0066889632107023411371237
29		1		1		1		0
32		8		1		174		605.5719063545150501672240803
16		3		2		35		3.769230769230769230769230769
16		8		13		3		0
21		10		12		3		0
21		9		1		3		0
0		1		12		1		0
28		12		1		35		9.952861952861952861952861953
20		5		2		1		0
20		7		8		1		0
32		9		2		35		7.655518394648829431438127090
35		2		6		35		3.560402684563758389261744966
39		8		0		2		0
39		8		2		3		0
4		7		6		3		0
4		9		4		3		0
7		8		4		12		16.10367892976588628762541806
0		9		2		0		0.03603603603603603603603603604
16		10		9		68		63.87333333333333333333333333
20		3		0		0		0.06306306306306306306306306306
28		15		8		0		0.02702702702702702702702702703
32		7		6		0		0.03603603603603603603603603604
4		0		1		0		0.07272727272727272727272727273
7		9		7		0		0.03603603603603603603603603604
0		8		1		1		0
20		4		1		1		0
23		3		3		1		0
28		14		7		1		0
26		4		5		1		0
32		7		4		12		21.85618729096989966555183946
33		1		9		1		0
36		1		0		3		0
4		1		0		68		79.26510067114093959731543624
7		9		5		3		0
18		4		1		1		0
4		9		6		1		0
14		2		1		35		3.458193979933110367892976589
14		9		10		2		0
29		0		6		1		0
21		13		9		3		0
21		9		3		3		0
14		3		2		4		0
16		5		4		4		0
21		8		6		1		0
33		5		1		35		4.617449664429530201342281879
7		10		10		3		0
16		3		0		68		40.53666666666666666666666667
21		0		2		68		29.81
33		4		6		0		0.03603603603603603603603603604
36		0		3		0		0.03636363636363636363636363636
25		4		2		1		0
6		0		1		1		0
0		8		3		1		0
10		3		0		1		0
14		9		8		35		7.066889632107023411371237458
15		2		2		2		0
16		4		5		3		0
16		5		6		4		0
2		0		3		3		0
2		5		8		1		0
20		5		0		3		0
23		3		1		1		0
26		5		8		2		0
27		6		6		3		0
28		12		3		35		3.712374581939799331103678930
28		13		0		2		0
28		14		5		35		5.731543624161073825503355705
29		0		4		3		0
32		13		12		3		0
33		4		4		3		0
38		9		4		1		0
0		9		0		0		0
10		2		3		174		325.6208053691275167785234899
20		4		3		174		244.8662207357859531772575251
20		6		5		0		0
26		4		7		12		15.89966555183946488294314381
27		7		1		68		35.18791946308724832214765101
28		16		5		0		0
28		9		12		0		0
15		3		5		0		0.03603603603603603603603603604
32		9		0		0		0.07207207207207207207207207207
10		2		1		1		0
33		5		3		1		0
25		1		5		2		0
27		8		2		2		0
3		2		4		4		0
32		5		12		1		0
33		9		5		174		402.8484848484848484848484848
35		0		12		2		0
39		1		7		2		0
39		13		13		1		0
39		14		4		2		0
39		14		6		2		0
39		9		1		0		0
0		7		6		68		18.06666666666666666666666667
14		12		3		3		0
14		13		4		3		0
25		2		0		1		0
25		3		3		3		0
27		9		1		3		0
28		10		5		1		0
28		11		0		3		0
28		2		1		12		13.12040133779264214046822742
28		3		6		12		9.839464882943143812709030100
3		0		12		3		0
3		3		11		68		32.45333333333333333333333333
3		3		9		3		0
32		6		1		3		0
33		10		0		3		0
33		11		3		12		20.67558528428093645484949833
17		0		0		1		0
19		0		2		0		0
20		2		5		1		0
21		4		10		0		0
21		7		3		2		0
34		0		3		1		0
39		0		4		1		0
0		6		1		0		0.07207207207207207207207207207
26		1		0		0		0.03603603603603603603603603604
27		8		0		0		0
37		3		1		2		0
37		4		4		174		148.4242424242424242424242424
37		5		9		4		0
7		4		4		174		275.6107382550335570469798658
7		7		1		4		0
9		0		4		2		0
9		0		6		1		0
9		1		9		174		172.0033783783783783783783784
11		0		4		3		0
11		0		6		3		0
14		12		1		3		0
14		5		0		3		0
15		0		12		3		0
17		0		2		35		3.498327759197324414715719064
19		0		0		3		0
22		2		13		68		56.97666666666666666666666667
24		0		5		3		0
24		2		1		1		0
26		1		2		1		0
27		9		3		35		14.62541806020066889632107023
34		0		1		1		0
37		2		0		1		0
37		2		2		1		0
37		5		11		3		0
14		5		2		2		0
7		7		3		1		0
24		0		7		0		0.07207207207207207207207207207
6		0		3		4		0
7		10		8		2		0
18		4		3		12		26.71571906354515050167224080
21		13		11		2		0
36		1		2		1		0
33		1		11		35		4.466442953020134228187919463
4		1		2		1		0
8		4		1		68		61.09060402684563758389261745
25		4		0		174		319.5986622073578595317725753
21		0		0		0		0.02727272727272727272727272727
0		6		3		2		0
0		7		4		4		0
21		3		13		2		0
25		0		8		35		2.862876254180602006688963211
25		2		2		3		0
25		3		1		1		0
28		2		3		4		0
28		3		4		1		0
32		4		13		3		0
33		10		2		4		0
39		1		5		1		0
39		6		0		1		0
21		6		2		0		0
33		11		1		12		9.819397993311036789297658863
33		9		7		12		11.22073578595317725752508361
21		4		8		0		0.03603603603603603603603603604
32		6		3		0		0.07272727272727272727272727273
10		0		8		1		0
11		0		13		3		0
14		12		8		4		0
14		15		3		1		0
14		6		2		3		0
14		7		1		1		0
20		2		2		3		0
26		4		8		1		0
34		2		0		1		0
37		6		5		4		0
37		7		6		35		2.936241610738255033557046980
4		10		4		3		0
4		11		3		1		0
7		7		8		1		0
9		1		0		2		0
9		2		5		2		0
14		15		5		68		33.11666666666666666666666667
16		6		4		174		200.6409395973154362416107383
16		7		3		12		21.41137123745819397993311037
17		1		4		174		233.7993311036789297658862876
24		6		0		0		0
24		7		1		68		47.45666666666666666666666667
26		3		1		174		158.9899665551839464882943144
26		5		7		68		37.54
28		10		2		12		8.234899328859060402684563758
3		0		11		0		0
34		5		3		68		34.30976430976430976430976431
35		0		11		68		23.18456375838926174496644295
37		2		9		0		0
39		13		8		0		0.07207207207207207207207207207
3		2		1		1		0
39		14		1		1		0
0		0		8		1		0
27		4		3		1		0
27		5		0		1		0
32		0		8		0		0.02702702702702702702702702703
35		2		1		1		0
38		8		0		4		0
39		8		7		1		0
4		0		4		4		0
4		4		8		0		0.06306306306306306306306306306
4		7		1		174		456.4697986577181208053691275
12		2		6		35		3.506711409395973154362416107
12		3		1		35		3.953177257525083612040133779
23		1		6		35		7.110367892976588628762541806
27		5		6		3		0
28		4		8		3		0
30		0		0		68		92.76
38		2		2		3		0
38		2		4		68		80.05033557046979865771812081
38		3		1		68		51.30872483221476510067114094
6		2		0		3		0
6		3		3		3		0
0		1		11		2		0
14		16		0		2		0
16		8		8		4		0
23		1		0		1		0
10		4		0		1		0
12		2		0		0		0.03603603603603603603603603604
23		0		3		0		0.03603603603603603603603603604
29		0		9		4		0
36		0		10		0		0
36		1		9		0		0
36		6		0		2		0
7		3		0		0		0
14		14		0		1		0
14		14		6		35		13.46488294314381270903010033
14		9		3		12		22.00668896321070234113712375
18		4		8		174		380.8758389261744966442953020
2		2		0		68		54.06688963210702341137123746
2		2		6		3		0
2		3		3		3		0
2		3		5		3		0
2		5		3		174		156.6073825503355704697986577
30		1		1		3		0
33		4		9		1		0
38		9		1		3		0
7		10		3		35		7.714765100671140939597315436
7		2		1		12		11.08361204013377926421404682
7		2		7		3		0
7		3		6		3		0
14		9		5		4		0
15		3		2		0		0
21		8		9		1		0
14		17		1		1		0
39		2		3		1		0
17		2		1		0		0.03603603603603603603603603604
2		0		8		0		0.03603603603603603603603603604
2		5		5		0		0.03603603603603603603603603604
22		2		8		1		0
24		1		3		2		0
21		9		8		12		6.806020066889632107023411371
33		7		0		35		6.642140468227424749163879599
33		8		7		0		0
4		12		4		12		20.02341137123745819397993311
4		5		5		35		5.644295302013422818791946309
4		6		0		35		4.221476510067114093959731544
7		7		6		35		12.95637583892617449664429530
11		0		3		3		0
33		7		6		3		0
33		9		8		3		0
37		2		7		1		0
37		7		8		174		169.6174496644295302013422819
14		5		5		174		200.4328859060402684563758389
16		10		0		4		0
39		8		9		2		0
4		0		10		3		0
4		12		2		1		0
4		13		1		3		0
16		2		2		3		0
16		9		5		1		0
7		4		3		174		138.6375838926174496644295302
18		0		0		174		494.2575250836120401337792642
8		0		6		2		0
9		0		1		3		0
16		1		1		0		0
21		10		3		3		0
21		10		5		4		0
21		11		0		2		0
21		12		5		1		0
21		2		1		1		0
25		1		8		1		0
16		8		6		0		0
21		3		2		0		0
21		6		13		68		67.03
25		0		7		68		42.88333333333333333333333333
37		4		1		68		38.85234899328859060402684564
4		4		6		1		0
8		1		5		68		47.14765100671140939597315436
14		10		8		35		5.645484949832775919732441472
16		1		7		35		4.520134228187919463087248322
11		1		0		0		0.03603603603603603603603603604
21		11		6		0		0.03603603603603603603603603604
16		0		4		1		0
4		13		7		1		0
8		2		0		1		0
28		15		7		2		0
3		3		0		3		0
32		13		1		2		0
35		0		5		1		0
35		3		0		12		10.98657718120805369127516779
39		13		6		4		0
0		12		2		1		0
0		13		1		174		165.3411371237458193979933110
0		9		13		1		0
3		0		5		1		0
20		0		2		2		0
20		7		7		3		0
20		1		1		1		0
38		4		4		35		7.993288590604026845637583893
5		0		3		12		14.30769230769230769230769231
32		12		2		0		0.03603603603603603603603603604
5		1		4		0		0.07207207207207207207207207207
20		6		8		1		0
28		8		2		1		0
32		11		7		1		0
0		4		0		1		0
18		4		6		1		0
32		4		0		35		11.81270903010033444816053512
32		5		3		3		0
36		1		7		1		0
39		5		4		1		0
7		5		0		1		0
8		3		1		3		0
13		0		1		68		50.31333333333333333333333333
25		4		5		68		41.52
28		0		0		12		17.96321070234113712374581940
36		0		4		0		0
39		7		2		1		0
28		1		5		3		0
28		7		3		3		0
32		6		8		3		0
39		11		8		1		0
39		5		2		68		25.48148148148148148148148148
0		3		3		12		15.01006711409395973154362416
13		1		0		3		0
28		0		6		174		221.7751677852348993288590604
32		4		6		1		0
32		5		5		0		0
39		7		4		3		0
0		6		8		0		0.03603603603603603603603603604
39		4		1		1		0
26		3		10		2		0
28		17		0		68		38.06688963210702341137123746
28		17		2		4		0
33		1		7		2		0
33		2		2		3		0
33		3		1		68		31.69666666666666666666666667
33		5		7		1		0
36		2		3		1		0
4		13		10		174		231.8523489932885906040268456
4		3		4		68		61.62080536912751677852348993
14		14		11		0		0
14		14		9		0		0
14		6		11		1		0
16		4		1		174		415.4816053511705685618729097
16		4		3		174		127.9665551839464882943143813
2		0		7		0		0
21		8		2		1		0
10		0		1		3		0
14		6		9		12		22.44481605351170568561872910
14		9		12		12		24.96308724832214765100671141
28		16		1		1		0
29		0		2		1		0
33		4		0		1		0
33		4		2		0		0
16		5		2		2		0
18		2		5		12		7.103678929765886287625418060
2		3		8		3		0
2		0		5		4		0
4		12		9		3		0
6		1		0		2		0
16		0		9		0		0.03603603603603603603603603604
16		5		0		0		0.03603603603603603603603603604
18		3		6		0		0.1081081081081081081081081081
21		8		0		68		61.11
26		3		8		0		0.07207207207207207207207207207
26		4		3		0		0.03603603603603603603603603604
28		16		3		0		0.02702702702702702702702702703
29		0		0		0		0.07207207207207207207207207207
1		2		2		1		0
21		13		7		1		0
26		4		1		1		0
27		1		3		1		0
27		1		1		12		21.34113712374581939799331104
10		0		3		0		0
14		12		5		35		6.033444816053511705685618729
14		13		2		2		0
14		15		8		2		0
15		0		8		3		0
19		0		4		3		0
12		2		9		4		0
27		0		0		35		11.22742474916387959866220736
0		0		3		0		0.03603603603603603603603603604
15		2		12		1		0
24		0		11		68		65.14333333333333333333333333
25		1		3		3		0
25		3		5		3		0
32		4		9		3		0
32		7		2		3		0
33		10		6		68		17.79933110367892976588628763
39		0		2		3		0
39		1		1		68		23.69360269360269360269360269
39		6		4		3		0
0		7		0		174		343.9966555183946488294314381
11		2		2		1		0
14		10		3		174		105.7993311036789297658862876
7		3		9		4		0
7		8		0		1		0
21		5		3		0		0
21		6		6		1		0
14		11		0		12		9.681208053691275167785234899
28		3		0		1		0
33		11		5		174		441.1538461538461538461538462
33		9		3		1		0
21		10		8		12		28.90969899665551839464882943
21		3		9		3		0
22		0		5		12		13.39932885906040268456375839
14		0		1		4		0
7		9		3		3		0
14		3		4		68		63.67
21		9		5		0		0.03603603603603603603603603604
22		3		0		68		18.94
28		0		9		0		0.07207207207207207207207207207
32		5		10		0		0.1081081081081081081081081081
32		6		7		0		0.03636363636363636363636363636
4		8		3		0		0.03603603603603603603603603604
0		6		7		1		0
4		9		0		1		0
7		0		4		1		0
0		7		2		4		0
12		2		11		35		6.956521739130434782608695652
16		0		11		4		0
16		1		8		2		0
21		13		5		4		0
21		5		1		2		0
21		6		4		1		0
27		0		2		3		0
28		2		5		2		0
28		3		2		1		0
32		4		11		3		0
32		5		8		3		0
33		10		4		1		0
33		2		0		2		0
33		9		1		35		3.742474916387959866220735786
39		1		3		1		0
4		12		11		1		0
4		13		8		35		5.057046979865771812080536913
0		6		5		12		6.127090301003344481605351171
1		2		0		174		426.5973154362416107382550336
21		3		11		12		17.30100334448160535117056856
33		1		5		12		11.78929765886287625418060201
33		3		3		12		11.82943143812709030100334448
39		6		6		174		423.9060402684563758389261745
6		1		2		68		32.99664429530201342281879195
25		1		1		0		0.07207207207207207207207207207
25		2		4		0		0.03603603603603603603603603604
4		2		1		0		0.03603603603603603603603603604
39		0		0		1		0
28		4		1		174		482.9096989966555183946488294
28		6		7		4		0
32		7		0		174		516.1471571906354515050167224
4		8		1		4		0
4		9		2		4		0
7		9		1		0		0
0		1		2		68		39.43666666666666666666666667
21		10		10		12		6.983277591973244147157190635
28		5		2		12		9.916387959866220735785953177
32		0		1		3		0
39		11		3		12		8.906040268456375838926174497
39		2		8		35		10.02027027027027027027027027
7		8		2		68		20.59060402684563758389261745
13		1		11		0		0
21		9		7		1		0
27		5		9		4		0
27		6		0		0		0.03603603603603603603603603604
28		12		5		174		294.7959866220735785953177258
28		14		3		174		179.6020066889632107023411371
28		5		0		0		0
28		6		5		2		0
28		9		10		174		518.4280936454849498327759197
28		9		8		1		0
32		10		1		0		0
32		13		10		4		0
32		2		5		2		0
38		6		1		4		0
0		1		0		12		21.22073578595317725752508361
0		10		1		174		299.8227424749163879598662207
0		2		5		35		6.520134228187919463087248322
0		8		7		1		0
20		4		7		174		217.8862876254180602006688963
20		5		6		68		146.1866666666666666666666667
20		6		1		68		68.04
20		6		3		3		0
23		2		0		35		4.026755852842809364548494983
23		2		2		174		221.0434782608695652173913043
23		3		5		3		0
27		6		2		3		0
27		7		5		3		0
28		13		4		68		39.98327759197324414715719064
28		13		6		3		0
28		14		1		3		0
32		0		3		35		16.73310810810810810810810811
32		13		8		35		6.748322147651006711409395973
38		1		4		1		0
38		6		3		1		0
38		7		0		1		0
39		11		1		68		51.24832214765100671140939597
0		13		10		0		0
0		13		8		2		0
0		9		4		1		0
0		9		6		0		0
20		4		5		0		0
20		5		4		2		0
0		8		5		0		0.07207207207207207207207207207
13		1		9		0		0.03603603603603603603603603604
19		0		6		1		0
17		0		4		3		0
27		9		5		35		4.642140468227424749163879599
34		1		0		3		0
14		12		7		174		201.2073578595317725752508361
14		13		0		1		0
15		0		10		0		0.07207207207207207207207207207
11		2		0		2		0
14		10		1		35		7.372483221476510067114093960
14		11		2		3		0
24		3		0		35		5.622073578595317725752508361
37		0		4		35		9.026845637583892617449664430
37		1		3		1		0
22		3		2		0		0
24		0		9		12		12.35785953177257525083612040
7		0		6		0		0
22		2		1		0		0.03603603603603603603603603604
24		0		4		12		6.672240802675585284280936455
24		1		1		3		0
27		8		3		3		0
29		2		1		2		0
34		0		2		68		32.43097643097643097643097643
37		2		3		2		0
37		4		5		68		20.59595959595959595959595960
37		5		12		3		0
37		7		10		2		0
37		5		10		174		232.3758389261744966442953020
4		12		6		1		0
4		13		5		68		18.29054054054054054054054054
9		0		3		1		0
11		1		4		1		0
7		4		1		1		0
7		7		4		68		57.51006711409395973154362416
24		0		2		1		0
24		3		11		174		200.2943143812709030100334448
11		1		2		3		0
14		4		0		3		0
26		0		0		0		0
27		9		0		174		187.6655518394648829431438127
33		7		2		1		0
37		2		5		0		0
16		0		6		3		0
18		0		4		12		8.872909698996655518394648829
19		0		3		3		0
21		10		1		3		0
21		11		2		2		0
21		9		12		3		0
22		2		10		35		2.852842809364548494983277592
14		12		2		4		0
16		2		0		1		0
17		0		1		1		0
18		3		9		1		0
7		7		2		12		12.19397993311036789297658863
11		0		7		68		27.35333333333333333333333333
14		5		1		68		22.63333333333333333333333333
18		1		3		68		63.00671140939597315436241611
21		12		7		0		0.07207207207207207207207207207
22		2		12		0		0.03603603603603603603603603604
37		3		0		0		0.03603603603603603603603603604
9		0		5		0		0.07207207207207207207207207207
16		1		5		1		0
24		2		2		1		0
37		4		3		1		0
37		7		12		1		0
24		6		4		1		0
27		7		2		3		0
28		12		0		12		8.342281879194630872483221477
28		15		9		1		0
34		2		2		68		101.8120805369127516778523490
34		3		1		4		0
38		1		1		3		0
38		9		5		3		0
0		9		3		0		0
14		12		12		1		0
14		15		1		174		177.9831649831649831649831650
20		4		0		174		293.9230769230769230769230769
0		8		0		12		9.050167224080267558528428094
10		2		0		3		0
10		3		3		3		0
15		2		1		2		0
28		13		3		1		0
28		14		6		0		0
23		3		2		35		6.409395973154362416107382550
15		3		6		1		0
20		5		3		4		0
17		1		0		68		39.92
20		6		6		68		34.4
27		6		5		0		0.03636363636363636363636363636
26		4		6		3		0
28		16		4		3		0
28		4		10		68		35.41666666666666666666666667
29		0		5		12		7.966555183946488294314381271
33		5		2		68		39.29333333333333333333333333
35		2		3		4		0
36		1		3		1		0
39		8		5		1		0
4		4		10		68		51.16107382550335570469798658
8		4		0		3		0
0		1		9		1		0
16		4		4		0		0
2		0		2		0		0
4		7		3		68		20.14429530201342281879194631
6		3		1		174		649.0033670033670033670033670
21		8		5		0		0
14		9		9		3		0
33		1		10		174		518.2575250836120401337792642
21		13		10		12		18.30536912751677852348993289
36		0		0		35		4.720538720538720538720538721
4		1		3		3		0
6		2		2		12		19.72240802675585284280936455
7		10		9		2		0
14		6		12		68		41.05333333333333333333333333
18		4		2		68		47.34
21		0		1		68		19.26
33		4		5		0		0.03603603603603603603603603604
2		5		9		1		0
25		4		1		1		0
31		0		5		1		0
6		0		2		1		0
14		2		0		1		0
14		3		3		2		0
16		3		1		1		0
16		8		12		3		0
20		3		1		3		0
21		9		2		4		0
23		0		1		1		0
23		1		2		35		5.439597315436241610738255034
27		4		1		1		0
27		5		2		2		0
31		0		3		3		0
35		2		5		35		2.764309764309764309764309764
39		8		3		1		0
4		0		0		1		0
4		4		12		2		0
4		8		4		3		0
6		3		7		3		0
7		9		4		3		0
12		2		4		68		49.05666666666666666666666667
28		4		12		174		464.9598662207357859531772575
29		1		2		174		139.0367892976588628762541806
38		0		0		68		39.15100671140939597315436242
4		7		5		68		44.84899328859060402684563758
28		6		10		1		0
28		0		2		4		0
32		4		2		0		0.03603603603603603603603603604
32		5		1		2		0
36		5		9		0		0
39		5		6		0		0.03603603603603603603603603604
6		0		4		174		213.6565656565656565656565657
0		6		12		3		0
18		4		4		1		0
21		1		0		3		0
25		4		7		35		13.47491638795986622073578595
25		5		0		12		8.237458193979933110367892977
28		1		1		3		0
33		1		12		68		52.88628762541806020066889632
36		0		6		1		0
36		1		5		68		76.88255033557046979865771812
39		11		12		1		0
39		7		0		1		0
0		4		2		1		0
0		5		1		4		0
21		13		12		4		0
13		1		4		1		0
28		10		6		174		282.7357859531772575250836120
3		0		9		174		500.1003344481605351170568562
3		2		5		4		0
3		3		12		0		0.03603603603603603603603603604
32		6		2		4		0
33		11		0		174		178.2040133779264214046822742
39		1		4		1		0
39		13		10		2		0
39		13		12		4		0
39		14		5		1		0
39		6		1		1		0
0		6		2		12		11.68227424749163879598662207
0		7		5		1		0
20		2		0		3		0
20		2		6		3		0
21		4		9		68		36.39666666666666666666666667
21		6		3		12		17.13377926421404682274247492
21		7		0		1		0
25		1		6		35		4.357859531772575250836120401
25		2		3		3		0
25		3		0		35		7.732441471571906354515050167
28		10		0		1		0
28		11		1		1		0
28		2		2		3		0
28		3		5		68		20.28
3		2		3		68		30.66333333333333333333333333
3		3		10		68		33.3
32		4		12		3		0
33		9		6		1		0
35		0		9		1		0
39		14		3		3		0
21		3		12		2		0
33		10		3		1		0
15		2		7		2		0
30		1		3		1		0
38		9		3		4		0
15		3		0		0		0.03603603603603603603603603604
14		14		2		2		0
2		5		7		35		15.50501672240802675585284281
21		8		11		1		0
29		0		11		4		0
33		6		1		1		0
2		2		2		0		0
2		3		1		68		23.82666666666666666666666667
2		0		12		0		0.03603603603603603603603603604
7		3		4		0		0.03603603603603603603603603604
7		2		3		1		0
10		4		5		3		0
11		4		0		35		17.78260869565217391304347826
11		5		1		35		7.565217391304347826086956522
14		1		0		4		0
14		10		7		4		0
15		0		4		3		0
2		4		3		1		0
22		0		3		4		0
22		2		5		1		0
22		3		6		4		0
24		0		13		35		9.301003344481605351170568562
24		3		4		2		0
24		4		3		1		0
34		4		1		1		0
37		0		2		4		0
38		10		3		2		0
7		0		0		1		0
7		0		2		3		0
7		10		4		1		0
7		2		8		4		0
9		3		1		35		2.909090909090909090909090909
11		2		4		12		18.13377926421404682274247492
11		2		6		68		49.22742474916387959866220736
14		10		5		12		29.35570469798657718120805369
14		8		1		174		123.8528428093645484949832776
14		8		3		68		72.79598662207357859531772575
2		4		1		68		73.25666666666666666666666667
24		4		1		68		29.57525083612040133779264214
36		5		2		12		18.84615384615384615384615385
7		1		1		0		0
7		2		10		12		6.397993311036789297658862876
11		5		3		0		0.07207207207207207207207207207
37		0		0		0		0.03603603603603603603603603604
22		0		1		1		0
26		3		6		174		281.9331103678929765886287625
27		1		5		0		0
28		15		2		174		193.9565217391304347826086957
3		0		0		0		0.03603603603603603603603603604
3		1		3		2		0
35		1		3		2		0
37		7		1		174		278.0033557046979865771812081
38		4		1		2		0
4		10		3		0		0
5		1		1		2		0
9		1		7		1		0
0		11		2		68		20.21666666666666666666666667
0		9		8		174		377.9124579124579124579124579
10		0		5		12		28.14046822742474916387959866
10		0		7		12		16.90635451505016722408026756
10		1		2		3		0
11		0		10		3		0
12		0		1		12		27.26086956521739130434782609
12		1		0		3		0
12		1		2		3		0
15		2		8		3		0
16		6		3		68		25.45302013422818791946308725
20		0		7		174		106.9732441471571906354515050
20		1		4		1		0
24		5		0		1		0
26		2		5		3		0
26		5		0		3		0
28		9		4		3		0
32		11		2		3		0
32		12		7		3		0
32		13		4		3		0
35		0		0		35		9.919463087248322147651006711
37		4		8		3		0
37		5		7		12		18.10437710437710437710437710
37		6		2		68		17.97651006711409395973154362
39		12		0		3		0
9		0		8		3		0
9		2		2		3		0
12		0		3		4		0
14		6		5		1		0
20		7		2		4		0
24		5		2		0		0
15		2		10		1		0
27		1		7		1		0
39		13		3		1		0
0		13		4		0		0.03603603603603603603603603604
26		3		4		0		0.02702702702702702702702702703
33		2		4		1		0
33		3		5		174		186.7382550335570469798657718
36		2		5		0		0.07207207207207207207207207207
36		3		2		4		0
36		4		1		174		136.8724832214765100671140940
37		2		12		0		0.03669724770642201834862385321
37		5		5		0		0
37		6		0		4		0
4		7		8		4		0
6		1		4		2		0
9		0		10		4		0
9		2		0		0		0.07207207207207207207207207207
1		2		4		12		17.69565217391304347826086957
1		2		6		1		0
14		7		4		3		0
16		0		13		68		67.05
16		8		1		35		3.187290969899665551839464883
16		9		2		12		11.94295302013422818791946309
18		3		0		1		0
21		13		1		1		0
21		13		3		1		0
25		0		0		1		0
25		4		10		1		0
25		4		8		3		0
26		4		13		1		0
33		1		1		12		15.07357859531772575250836120
33		1		3		68		92.83
35		2		8		35		4.681355932203389830508474576
36		2		7		35		8.567114093959731543624161074
36		3		0		1		0
39		6		8		3		0
4		3		0		35		3.382550335570469798657718121
4		3		2		68		30.00673400673400673400673401
4		4		1		12		23.88628762541806020066889632
4		5		2		1		0
8		0		1		35		11.75420875420875420875420875
9		1		5		1		0
11		0		8		1		0
16		10		7		2		0
18		2		1		1		0
18		2		3		2		0
18		3		2		4		0
21		4		0		2		0
21		3		5		1		0
21		6		10		1		0
26		5		2		1		0
37		7		3		1		0
4		10		1		1		0
6		1		6		1		0
1		1		1		0		0.03603603603603603603603603604
14		6		7		0		0.06306306306306306306306306306
16		6		1		0		0.03669724770642201834862385321
0		1		6		3		0
0		2		3		0		0
28		4		5		68		54.2
28		6		3		12		28.21404682274247491638795987
32		0		5		3		0
39		10		0		1		0
39		11		7		3		0
32		2		3		0		0.03603603603603603603603603604
28		5		4		12		17.10033444816053511705685619
28		6		1		0		0
28		9		6		1		0
38		4		3		0		0
39		10		2		35		6.676767676767676767676767677
39		14		8		35		9.087248322147651006711409396
0		11		0		1		0
0		13		6		2		0
3		1		1		4		0
3		3		7		4		0
32		12		5		3		0
0		2		1		3		0
0		9		10		3		0
36		5		0		3		0
14		1		2		3		0
39		13		1		174		411.2348993288590604026845638
39		2		6		174		325.9093959731543624161073826
39		3		1		2		0
5		0		4		2		0
5		1		3		3		0
7		10		6		3		0
0		8		9		68		43.28428093645484949832775920
13		1		13		0		0
20		0		5		1		0
20		4		9		174		316.9364548494983277591973244
20		7		0		1		0
28		15		0		68		26.08666666666666666666666667
32		0		7		68		43.00668896321070234113712375
32		11		0		1		0
32		2		1		68		20.36454849498327759197324415
35		0		2		1		0
0		1		4		12		18.90301003344481605351170569
35		1		1		0		0.07207207207207207207207207207
36		6		5		0		0.07207207207207207207207207207
36		1		12		1		0
39		11		5		1		0
39		12		2		1		0
38		10		1		68		24.41275167785234899328859060
10		4		7		35		3.144781144781144781144781145
15		0		6		35		3.434782608695652173913043478
12		2		13		3		0
16		8		3		2		0
16		9		0		1		0
21		2		4		3		0
25		0		2		4		0
27		3		1		35		3.127090301003344481605351171
35		2		10		2		0
39		8		12		1		0
4		5		0		1		0
4		7		10		1		0
8		2		5		3		0
0		0		7		68		22.02333333333333333333333333
21		3		7		68		32.59
21		4		2		0		0
21		6		8		12		35.69230769230769230769230769
4		4		3		174		185.7348993288590604026845638
6		3		8		0		0
8		0		3		68		43.80134680134680134680134680
8		1		0		0		0.03603603603603603603603603604
16		10		5		1		0
33		8		2		1		0
0		0		5		35		3.939799331103678929765886288
14		14		8		1		0
14		6		8		1		0
14		9		13		35		3.976588628762541806020066890
15		2		13		3		0
16		4		0		1		0
16		4		6		3		0
16		5		3		3		0
18		4		0		2		0
2		0		0		1		0
2		0		6		1		0
2		2		8		3		0
2		5		11		2		0
21		8		1		1		0
21		8		7		1		0
27		1		0		2		0
33		4		7		3		0
33		5		0		1		0
36		0		2		4		0
36		1		1		1		0
36		6		8		1		0
14		9		11		68		30.54666666666666666666666667
21		13		8		0		0
25		4		3		0		0
26		4		2		0		0
26		4		4		0		0
28		16		0		12		24.81879194630872483221476510
28		17		3		68		44.45333333333333333333333333
29		0		1		12		6.177257525083612040133779264
33		1		8		68		25.54180602006688963210702341
4		1		1		68		45.47315436241610738255033557
21		0		3		0		0.03636363636363636363636363636
6		0		0		0		0.03636363636363636363636363636
29		0		7		1		0
33		4		1		1		0
26		1		3		174		233.2508361204013377926421405
27		8		1		0		0.03603603603603603603603603604
34		0		0		4		0
37		2		1		2		0
37		3		2		0		0
37		4		7		4		0
9		0		7		1		0
9		1		8		2		0
11		0		5		12		19.06711409395973154362416107
11		3		0		35		3.331103678929765886287625418
14		12		0		35		4.474916387959866220735785953
14		13		1		174		473.5050167224080267558528428
2		1		1		12		24.37123745819397993311036789
26		0		4		35		5.692307692307692307692307692
27		9		2		3		0
27		9		4		35		5.418060200668896321070234114
34		1		1		35		4.083892617449664429530201342
37		5		8		3		0
7		7		0		1		0
14		5		3		0		0
15		0		11		0		0
15		0		13		4		0
24		2		0		1		0
0		0		0		1		0
14		12		6		1		0
17		0		3		1		0
24		0		6		1		0
12		2		10		0		0.08108108108108108108108108108
19		0		1		0		0.03603603603603603603603603604
29		1		0		174		245.9665551839464882943143813
31		0		1		1		0
32		7		1		0		0.07207207207207207207207207207
35		2		7		2		0
37		1		2		0		0.03603603603603603603603603604
39		8		1		0		0.03603603603603603603603603604
7		6		1		174		348.7348993288590604026845638
7		9		0		0		0
11		2		1		35		7.622073578595317725752508361
14		10		0		3		0
14		11		3		1		0
14		2		2		1		0
16		10		8		68		60.11705685618729096989966555
16		3		3		1		0
21		10		11		3		0
21		10		13		35		10.00673400673400673400673401
21		11		8		174		239.1342281879194630872483221
21		9		0		12		13.01672240802675585284280936
22		3		3		68		21.60535117056856187290969900
24		0		8		68		25.85666666666666666666666667
24		3		1		3		0
32		7		7		3		0
39		2		9		12		9.224832214765100671140939597
4		7		7		3		0
4		9		3		12		31.37919463087248322147651007
4		9		5		12		13.72909698996655518394648829
6		3		5		3		0
7		8		3		35		6.239864864864864864864864865
11		5		4		1		0
14		2		4		1		0
22		0		6		1		0
21		9		6		1		0
22		2		0		1		0
28		6		8		1		0
4		0		2		1		0
7		9		6		1		0
15		2		3		2		0
15		3		4		3		0
10		2		2		68		55.23666666666666666666666667
25		1		4		1		0
28		2		0		1		0
21		4		11		0		0
32		5		13		1		0
32		6		0		4		0
39		1		6		4		0
33		11		2		3		0
39		6		3		68		42.02020202020202020202020202
0		6		0		174		294.6879194630872483221476510
0		7		7		12		30.82943143812709030100334448
33		10		1		174		200.9630872483221476510067114
21		7		2		1		0
25		3		2		1		0
33		9		4		1		0
0		10		2		35		10.97324414715719063545150502
0		2		6		3		0
0		8		4		35		8.688963210702341137123745819
13		1		10		2		0
20		2		4		1		0
20		5		7		1		0
20		6		2		35		10.99665551839464882943143813
23		3		6		1		0
27		6		1		4		0
27		7		6		35		10.88294314381270903010033445
28		10		4		3		0
28		11		3		3		0
28		4		0		3		0
28		5		3		3		0
28		6		6		35		8.919463087248322147651006711
3		0		13		35		14.71140939597315436241610738
32		13		11		1		0
32		2		6		1		0
35		0		13		35		10.91919191919191919191919192
0		1		3		174		168.1739130434782608695652174
0		13		11		12		15.69230769230769230769230769
0		9		7		174		162.3210702341137123745819398
20		4		4		174		349.4697986577181208053691275
28		9		11		0		0
32		0		0		12		25.90604026845637583892617450
32		12		8		0		0
38		6		0		12		9.906040268456375838926174497
39		11		2		0		0
27		5		8		0		0.03603603603603603603603603604
28		12		4		0		0.03636363636363636363636363636
28		14		2		0		0.03603603603603603603603603604
3		3		8		0		0.03603603603603603603603603604
39		9		2		0		0.03603603603603603603603603604
23		3		0		3		0
27		7		0		1		0
28		12		2		68		28.19397993311036789297658863
28		14		4		3		0
28		9		13		1		0
0		9		1		35		11.03367003367003367003367003
20		5		1		174		115.4899328859060402684563758
0		8		2		0		0.03603603603603603603603603604
20		6		4		68		78.28762541806020066889632107
32		9		1		0		0.03603603603603603603603603604
38		1		3		0		0.07272727272727272727272727273
25		1		2		2		0
28		0		8		3		0
32		4		8		4		0
32		5		11		68		37.68
32		6		6		12		8.899665551839464882943143813
33		11		4		2		0
33		9		2		68		90.84666666666666666666666667
39		1		0		2		0
6		1		1		4		0
1		2		3		35		11.05685618729096989966555184
21		7		4		0		0
25		3		4		0		0
28		2		6		174		382.0167224080267558528428094
33		1		6		174		220.3825503355704697986577181
36		2		2		0		0
4		3		5		0		0
21		13		6		2		0
21		6		7		3		0
0		7		1		4		0
28		3		1		35		7.642140468227424749163879599
21		5		2		1		0
33		3		0		35		15.05685618729096989966555184
4		12		8		3		0
4		2		2		12		19.34782608695652173913043478
18		2		4		0		0.03603603603603603603603603604
33		2		3		0		0.07207207207207207207207207207
39		0		3		0		0.02727272727272727272727272727
39		6		5		0		0.03603603603603603603603603604
18		3		7		1		0
21		4		13		1		0
